IG_sports = 0.016111606370189824
Gini_sports = 0.010204081632652962
chi_squared_sports = 1.0
