IG_stiffneck= 0.022198583685000717
Gini_stiffneck = 0.010204081632653073
chi_squared_stiffneck = 1.0
